00000000000000000000000000000000000000000000000000000000000000
00000000000000000000000000000000000000000000000000000000000000
00000000000000000000000000000000000000000000000000000000000000
00000000000000000000000000000000000000000000000000000000000000
00000000000000000000000000000000000000000000000000000000000000
00000000000000000000000000000000000000000000000000000000000000
00000000000000000000000000000000000000000000000000000000000000
00000000000000011111000000000000000000000011110000000000000000
00000000001111110000011100000000000001110000011111100000000000
00000001111110000001111000000000000000111100000111111000000000
00001111111100000011111111110000011111111110000011111111000000
00111111111100000001111111111111111111111100000001111111110000
01111111111111000000001111111111111111100000000111111111111100
01111111111111110000000000000000000000000000011111111111111100
01111111111111111111110000000000000000011111111111111111111100
01111111111111111111111111111111111111111111111111111111111100
00111111111111111111111111111111111111111111111111111111111000
00001111111111111111111111111111111111111111111111111111100000
00000001111111111111111111111111111111111111111111111100000000
00000000001111111111111111111111111111111111111111000000000000
00000000000000011111111111111111111111111111110000000000000000
00000000000000000000000011111111111100000000000000000000000000
00000000000000000000000000000000000000000000000000000000000000