0
0
0
0
0
0
0
00000000000000011115000000000000000000000054110000000000000000
00000000003331110000011400000000000001110000011411400000000000
00000004444440000001111000000000000000111100000411111000000000
00004114111100000051411111110000011111111110000011111111000000
00114451111300000001111111111441131111111100000001111111110000
01115551411421000000003111111111111111100000000111331111111100
01111111111321110000000000000000000000000000041111131111114400
01555511441321131141110000000000000000041121111444111111114400
01111111111111111116161111111141552111111121141111111111114100
00111515111442221338181111114315552111118111441133111111114000
00001111111813461148164441444115552144185128113111111111100000
00000001111111111311111111111415555142258188211111111100000000
00000000001811111141666666411114564144166615411111000000000000
00000000000000018111212121111444661111111116660000000000000000
00000000000000000000000011111444111100000000000000000000000000
00000000000000000000000000000000000000000000000000000000000000