0
0
0
0
0
0
0
00000000000000011111000000000000000000000011110000000000000000
00000000001111110000011100000000000001110000011111100000000000
00000001111110000001111000000000000000111100000111111000000000
00001111111100000011111111110000011111111110000011111111000000
00551111111300000001111111111111111151111100000001111111110000
01511111111311000000001111111115111111100000000111111111111100
01111111111111160000000000000000000000000000011111111111111100
01515151111111111111110000000000000000011111111121221111111100
01511111111118111111111111111111111118515611111111121111111100
00111111111118881111111111161111151111565111111115121111111000
00001111111111151138811111111116111151568111111121111111100000
00000001111111166622111111111111111111216111111111111100000000
00000000001111111111111111511114111111511111111111000000000000
00000000000000011111111111111111111111511111110000000000000000
00000000000000000000000011111111111100000000000000000000000000
00000000000000000000000000000000000000000000000000000000000000